100009752596469
100013895810113
100002149604965
100005512748144
100004977045973
100013123863287
100027458857298
100023741165797
100023926304739
100005620410429
100028638992888
100027101209514
100016919599137
100024194476738
100002333995511
100007607867910
100006405154055
100015579070174
100009326915938
100002848076720
100010042088335
100017275578813
100001830926013
100007530754946
100005007966357
100002857361258
100005683866456
100026021899009
100016648029107
100011651043201
100027963221768
100028348924807
100015746675968
100007974754375
100018908441914
100028557963417
100000467617038
100005086123795
100001892711113
100013176937400
100007891483077
100019472986027
100004764248780
100006897940290
100008658395934
100018157786655
100029981106061
100023403106414
100005659938162
100014164304569
100002918741329
100005686564066
100025856164524
100004415201218
100004140792787
100009481296332
100007829670846
100010664857776
100006716206384
100034477050307
100021955233356
100006421413074
100011747978799
100014676900294
100006052659060
100028725095646
100021548210788
100007329793242
100005285380539
100006031232202
100008117645580
100006544207600
100000618550519
100008020865954
100005554422244
100015823063871
100006600872001
100022902339441
100006117581424
100014946736414
100008710774067
100025482391074
100004693275976
100007438740773
100006228557190
100004159896712
100004168508909
100011221753212
100011094349297
100005148759799
100003235889001
100009085325389
100006895957616
100008945169658
100027572910857
100004407617461
100001526652434
100010821932028
100007974975337
100007535472921
100019726399404
100007832740139
100009793833255
100019297774205
100013150307676
100009492905317
100008702496406
100006522900290
100005458188839
100007336172573
100015471888378
100004073061665
100009556989617
100007505402390
100028773396524
100015910656421
100007573628496
100007574597963
100007081623141
100010201095798
100028763020265
100005926420774
100007922013546
100006126692987
100010162412829
100016745292801
100008504440399
100015609015478
100023023212261
100006169239614
100028155064753
100026478946995
100009648423023
100007553898693
100021120730383
100024943990226
100006707735502
100005310937944
100008126197659
100027463204870
100002256067111
100008590181111
100022175623506
100027000692271
100007805977822
100002606258965
100006659259081
100016236692920
100007521284195
100024264735662
100004694353125
100010492173277
100002713736461
100023360987302
100009197044907
100016753639429
100009487612932
100013871260048
100010831577475
100011789730017
100007983128139
100010506767757
100013722818807
100001540527705
100008140423384
100001957041967
100006415449648
100005628694764
100023839712396
100007446009434
100001895785481
100004280657210
100002125459626
100011779727707
100023063802458
100005771411310
100026247642454
100004684067516
100005106127068
100003726073030
100028689012051
100008703315538
100000009878864
100006070158515
100004168354600
100011968544480
100005447587112
100004989450975
100002396838143
100004419498732
100002421853435
100003144557632
100022256056044
100003216805391
100028233754534
100002164308494
100022223524215
100011081804706
100003249730643
100011451818106
100003957656913
100006962616376
100030096164575
100006510948663
100004485480229
100024927511135
100007296849542
100009290586416
100006438703077
100010082149583
100016687539434
100007805831818
100005950361005
100002496459114
100002184761532
100006170220522
100025620092613
100013205646017
100005116391643
100003147282194
100028032977431
100028525096755
100007184015435
100006210753121
100010265978529
100006746053286
100029031162824
100007685435413
100004968641551
100002329068273
100008649370577
100028679436309
100027873875500
100021142203642
100007384005977
100007571285339
100023627323069
100002854405089
100028797243373
100017461665064
100004136283105
100009423013120
100014815089803
100008017868526
100003754866837
100004611438025
100007091798994
100007735201886
100006350772228
100033966683390
100021940560284
100004081032600
100003641659389
100001663374013
100006197526766
100009099403023
100007515070740
100006223175179
100029699332204
100007432235925
100006710835093
100019112447512
100009223913806
100007056696166
100028684327231
100027842370839
100012305114985
100008203717337
100008137022040
100008122890105
100007737667266
100007710250576
100007592946597
100006997392368
100006700242338
100005507828320
100003733353349
100002923969582
100004797274533
100010673619899
100001895244769
100013123517276
100011607549604
100009368446309
100015285783064
100002728495248
100022375373859
100008571379233
100004099725704
100009670893303
100009061459819
100026323419667
100005311931504
100026725322055
100020698966938
100008056325331
100022452960840
100023348679441
100003397773320
100003694849057
100008218839790
100015335771972
100003534108240
100003608546175
100005466437761
100025969216554
100026123140013
100013284341756
100004110724811
100024189919083
100009811249288
100008787886242
100004485422869
100003825457630
100003557766983
100000850618163
100012404167452
100010130232349
100012878010576
100025281579878
100005003867294
100007911125096
100013381571792
100006437124350
100034596458444
100034486170905
100034433853391
100034313659998
100033894455544
100033808998649
100033621422111
100031697476267
100031458674835
100031200222300
100031058971142
100030001485931
100029798777972
100029203093557
100028392153625
100027877993016
100027843313719
100027600587301
100027540232294
100027389566274
100027357354297
100026881161107
100026557153703
100026547646794
100025421402153
100025105314374
100024751298575
100024109544290
100023958860619
100023718480651
100023385713693
100023246893998
100023099012313
100023018719322
100022783502974
100022685021826
100022559710751
100022554406089
100022517506916
100022484567823
100022465128409
100022412152841
100022402566079
100022271735843
100022209792977
100022130479610
100022101170494
100022019736079
100021826965503
100020997845043
100020508150349
100020131327579
100020050694987
100019368857206
100019123054343
100018979605153
100018897930553
100017937245222
100017646728030
100017643305387
100017467720981
100017397510446
100017164029332
100017111268134
100017019007299
100017006407531
100016824243424
100016658292925
100016593257939
100016322438892
100015794015323
100015790299656
100015519998172
100015299859768
100015245524191
100015041619791
100015033075598
100015013116724
100014964120397
100014794154036
100014734488912
100014665751079
100014489169975
100014436121224
100014291919514
100014280875561
100014215999098
100014058075733
100013962948851
100013922620646
100013868833708
100013736053234
100013709413831
100013674607287
100013642598132
100013477180707
100013420875292
100013219771977
100012989357560
100012953799932
100012924517294
100012833385377
100012618811583
100012595240823
100012454951809
100012436154238
100012344388111
100012324977998
100012248083943
100012220098654
100012179767767
100012149865480
100012135318013
100012041437538
100011933925487
100011861822814
100011783026407
100011782671677
100011652191618
100011622109422
100011309621794
100011217904708
100011201498097
100011192437081
100011145798420
100011069594279
100010914727216
100010910940110
100010709742187
100010651325976
100010638814340
100010464637220
100010463893111
100010402655491
100010364523528
100010246023287
100010198355057
100010178058678
100010132441496
100010124914519
100010110872205
100010037380651
100010017122553
100010014780669
100010005818526
100009986862116
100009972708846
100009926490944
100009906078687
100009882707551
100009856410827
100009829664643
100009761108015
100009687214073
100009660585019
100009653379381
100009650767683
100009607462324
100009585404287
100009582017495
100009556242510
100009547247085
100009521942325
100009518440378
100009515155940
100009501842142
100009457722669
100009442381909
100009418965837
100009411483604
100009354904432
100009281440484
100009231689599
100009199729929
100009135067726
100009025962209
100008910884069
100008878331458
100008859271943
100008817006684
100008654023920
100008648142435
100008642103228
100008623081056
100008490601032
100008456495928
100008414140261
100008413516115
100008370150911
100008342975393
100008293627457
100008293571676
100008278363432
100008276229965
100008273132100
100008256690079
100008250660161
100008237655114
100008235430731
100008233714906
100008232726914
100008228614229
100008224050381
100008212837102
100008205218752
100008204107527
100008202090061
100008200956419
100008182090300
100008164776098
100008162833601
100008161393439
100008152327511
100008149904474
100008144082909
100008140652270
100008133602878
100008123979681
100008122891569
100008120551014
100008113172071
100008109877801
100008108771501
100008108530678
100008096885567
100008089927845
100008088095781
100008079605181
100008074560392
100008068114197
100008054624634
100008048678162
100008042435645
100008036460636
100008033523550
100008032542862
100008032448488
100008030346743
100008028841759
100008024316021
100008018312015
100008009705112
100008002891787
100007999863815
100007992571755
100007991581385
100007988793239
100007988766439
100007985984644
100007981209150
100007977191894
100007973612963
100007971544720
100007971401076
100007966482020
100007959125121
100007953193952
100007948422490
100007947071057
100007945954803
100007939231406
100007933177968
100007928314028
100007926282178
100007926278494
100007924568890
100007924474232
100007924114125
100007922653665
100007917365347
100007916713468
100007911158121
100007904829778
100007899634851
100007897568525
100007896574411
100007895348603
100007894424023
100007888599460
100007880376960
100007878874714
100007877762716
100007877131825
100007866903748
100007862320967
100007861025501
100007857993459
100007855864111
100007839702695
100007838378849
100007838230459
100007830460593
100007827912025
100007822787336
100007820806808
100007813638501
100007809338183
100007804836058
100007801442461
100007798175106
100007793760207
100007788694635
100007784258824
100007783754290
100007782480895
100007764210874
100007755762274
100007755190175
100007754534255
100007746432687
100007745822244
100007738902927
100007735993618
100007733342339
100007732173839
100007728215773
100007728185929
100007723713564
100007715797984
100007710709122
100007704996178
100007695639707
100007689454345
100007688256133
100007685294603
100007672993942
100007664138018
100007661137666
100007651111363
100007651094200
100007642027267
100007630746274
100007622773417
100007617637057
100007606327838
100007590272027
100007589109989
100007576835145
100007570693257
100007545488018
100007515782958
100007507022456
100007502173524
100007485336611
100007476279445
100007453450070
100007407941213
100007392661838
100007366084896
100007344098195
100007340587874
100007308365918
100007282601822
100007258693660
100007257103464
100007253045876
100007229316330
100007221577042
100007193169759
100007192387248
100007189920375
100007144356783
100007135801816
100007124520317
100007090750900
100007084840027
100007070117626
100007065581608
100007062010157
100007057721453
100007031084127
100007025792647
100007023722955
100007023306159
100007005554543
100007003509143
100006990638743
100006984521290
100006942250202
100006940440625
100006924480337
100006922357000
100006896176315
100006894480460
100006890975993
100006884860071
100006870274364
100006793539187
100006757092296
100006708360522
100006660103305
100006648103515
100006645491311
100006619052126
100006598538335
100006587268972
100006586560749
100006565567312
100006554046077
100006540135419
100006532024030
100006521438752
100006489221229
100006483690976
100006478362284
100006474049733
100006471257325
100006469591544
100006437274233
100006432619262
100006429363679
100006420660837
100006410683029
100006292960176
100006290821196
100006261588731
100006133727405
100006121831037
100006120251312
100006079452477
100006075577785
100006069104884
100006067922743
100006063970908
100005991552635
100005902780001
100005865308299
100005782926267
100005772517183
100005670948422
100005638871912
100005622422223
100005543733783
100005536067457
100005485066403
100005437440736
100005434397792
100005432311513
100005328784803
100005310424576
100005284505796
100005281128637
100005278598069
100005178399393
100005106222477
100005087858511
100005059146925
100005053656793
100005039130768
100005025961579
100005012983980
100004998392409
100004995847735
100004951779570
100004934647559
100004922294388
100004921231088
100004882230628
100004866122711
100004835054004
100004810031320
100004803552173
100004751491303
100004709345216
100004676266730
100004670712309
100004646832980
100004532525695
100004531627854
100004509002100
100004485665718
100004455423325
100004449906018
100004393722313
100004373686620
100004344511126
100004339961872
100004338314102
100004222776825
100004156030327
100004119877323
100004095562383
100003946046767
100003918273336
100003851185701
100003845716758
100003827563558
100003817800460
100003811012617
100003807734531
100003803730465
100003788077988
100003774320620
100003720765653
100003685989503
100003636798167
100003626386700
100003622629625
100003613424049
100003610903395
100003594868181
100003577748498
100003535761138
100003529188551
100003529178603
100003523282874
100003510832467
100003495269118
100003473801641
100003370690227
100003336194117
100003318995742
100003310396780
100003295026882
100003290569501
100003256758493
100003135207455
100003135146129
100003098899722
100003056722697
100003039335331
100002847497845
100002826949055
100002785043544
100002755605726
100002605390854
100002598263636
100002533670103
100002504952356
100002492412389
100002482968038
100002469129762
100002457922197
100002333633168
100002314070625
100002307392433
100002270075974
100002114181165
100002064564485
100001967294796
100001900246760
100001649073219
100001634297397
100001160805736
100001012951089
100000790630312
100000526087551
100000524536083
100000517882391
100000411773481